@v_choice
$Dim[89]
#
%0.0,0.0101567,0.0100622,0.0154817,0.00705238,0.0111011,0.0110034,0.00274335,0.0160153,3.08982e-18,0.00630728,0.0279162,0.0,1.2356e-06,1.59941e-05,1.59377e-05,1.48476e-05,0.0162741,0.00588995,0.0285445,0.000393362,0.0148283,2.8305e-06,0.000890889,0.0,0.0214074,0.0515913,0.0110544,0.0109553,0.00881839,1.11021e-12,0.0549787,0.0167113,2.47118e-06,0.0691292,0.041506,0.0132821,0.00821834,0.0,0.0,0.0,0.0,0.019119,0.00430734,0.00328268,0.0216154,0.0113127,0.00813904,0.00782969,0.0599055,6.30325e-06,6.27335e-06,0.00964729,0.0091762,0.0101202,0.0181622,5.71687e-32,0.00587302,0.00642737,0.00102344,0.00101879,0.0408282,0.0472158,0.00391518,0.00388367,3.53276e-21,0.00496999,0.00410114,2.47369e-06,0.0140544,0.0139303,8.02993e-05,0.00143293,0.0447174,0.00638116,0.00789161,2.40055e-07,0.00979596,0.0128741,0.00455944,0.00495525,0.0104923,0.000300791,0.00868638,0.00860891,0.00859558,0.00860337,1.53987e-05,0.039769
@j_choice
$Dim[15]
#
%0.08828,0.0822994,0.0282174,0.0377253,0.0821823,0.0119592,0.0232239,0.153194,0.063854,0.100277,0.0234273,0.0992917,0.0116793,0.179816,0.0145728
@d_gene
$Dim[15,3]
#[j_choice,0]
%0.818305,0.0885793,0.0931161
#[j_choice,1]
%0.842114,0.0768002,0.0810858
#[j_choice,2]
%0.790262,0.0897412,0.119997
#[j_choice,3]
%0.827987,0.0821452,0.0898679
#[j_choice,4]
%0.840852,0.077866,0.0812819
#[j_choice,5]
%0.818071,0.0867957,0.0951331
#[j_choice,6]
%0.829009,0.0842146,0.0867761
#[j_choice,7]
%0.121105,0.362438,0.516456
#[j_choice,8]
%0.237209,0.327737,0.435054
#[j_choice,9]
%0.13193,0.438964,0.429106
#[j_choice,10]
%0.342754,0.299449,0.357798
#[j_choice,11]
%0.264976,0.387734,0.34729
#[j_choice,12]
%0.53817,0.19683,0.265001
#[j_choice,13]
%0.292536,0.261779,0.445685
#[j_choice,14]
%0.322533,0.329041,0.348427
@v_3_del
$Dim[89,21]
#[v_choice,0]
%0.0,0.0,0.0,0.0,0.0,0.0,0.0,0.0,0.0,0.0,0.0,0.0,0.0,0.0,0.0,0.0,0.0,0.0,0.0,0.0,0.0
#[v_choice,1]
%0.000225826,0.000412821,0.00616239,0.0256585,0.028207,0.0701067,0.0641307,0.0936437,0.0894114,0.0691628,0.148264,0.133692,0.11028,0.0360188,0.0715272,0.037043,0.0062258,0.00181909,0.00242146,0.0017522,0.00383426
#[v_choice,2]
%0.000227244,0.000414866,0.00619794,0.0257875,0.0283204,0.070382,0.0642974,0.0938322,0.089467,0.0691556,0.14856,0.133701,0.110155,0.0357732,0.0712513,0.0368108,0.00606461,0.00173505,0.002338,0.00171418,0.00381462
#[v_choice,3]
%0.000251702,0.000375876,0.00559651,0.0234654,0.0253437,0.0774117,0.0700868,0.0996519,0.0821428,0.075681,0.151136,0.127099,0.108823,0.0387224,0.0661022,0.0335562,0.00512261,0.00189743,0.00135534,0.00231126,0.0038669
#[v_choice,4]
%0.000270517,0.000781357,0.00570419,0.0232701,0.0265448,0.0567488,0.0581365,0.0965899,0.0775022,0.0653139,0.151835,0.136074,0.125632,0.0493041,0.0666615,0.0427565,0.00582738,0.00315425,0.00150337,0.00154206,0.00484816
#[v_choice,5]
%0.000730087,0.000248872,0.00789983,0.0302583,0.0352093,0.0572572,0.0543527,0.0878096,0.0984362,0.0593726,0.120643,0.134885,0.0978079,0.0209758,0.0937623,0.0699423,0.00815666,0.00230956,0.00153553,0.00716415,0.011243
#[v_choice,6]
%0.000733931,0.000249692,0.00794125,0.0303941,0.0353196,0.0573973,0.0544314,0.0879614,0.0985418,0.0593306,0.120815,0.134932,0.0976818,0.0207705,0.0936749,0.0698156,0.00799227,0.00221277,0.00146921,0.00710207,0.0112336
#[v_choice,7]
%2.6467e-05,0.000659053,0.00594085,0.0204102,0.0157969,0.070058,0.0882522,0.043845,0.247506,0.254133,0.084029,0.046265,0.0439442,0.0180049,0.0182627,0.0184285,0.0077573,0.00154995,0.00158248,0.00432768,0.00922143
#[v_choice,8]
%1.74345e-05,0.000781329,0.0104481,0.025685,0.0212384,0.0891307,0.096485,0.0662836,0.231593,0.279558,0.0587854,0.0436011,0.0359112,0.00739071,0.0103877,0.0109438,0.00170592,0.00106811,0.000424336,0.00337679,0.00518499
#[v_choice,9]
%0.0,0.0,0.0,0.0,0.0,0.0,0.996972,0.000654244,0.000101079,0.00193955,0.000332645,1.94936e-14,1.41327e-20,4.64818e-25,0.0,4.50662e-26,9.26382e-28,0.0,0.0,0.0,0.0
#[v_choice,10]
%1.71617e-05,0.000998369,0.0136519,0.0409923,0.0273227,0.100146,0.117759,0.0620788,0.197908,0.269957,0.0562547,0.0422226,0.0306176,0.00727175,0.00957393,0.00937832,0.00336001,0.000559143,0.00122725,0.00431425,0.0043893
#[v_choice,11]
%1.80631e-05,0.00126349,0.00941635,0.0282459,0.0201687,0.0834033,0.0948982,0.0657449,0.223017,0.270618,0.0607915,0.0539671,0.0368222,0.0103969,0.0141843,0.014725,0.00315988,0.00057426,0.000578204,0.00306029,0.00494652
#[v_choice,12]
%0.0,0.0,0.0,0.0,0.0,0.0,0.0,0.0,0.0,0.0,0.0,0.0,0.0,0.0,0.0,0.0,0.0,0.0,0.0,0.0,0.0
#[v_choice,13]
%0.0,0.0,0.0,0.0,0.0,0.0,0.0,0.0,0.0,0.0,0.0,0.0,0.0,0.0,0.0,0.0,0.0,0.0,0.0,0.0,1.0
#[v_choice,14]
%0.0,0.0,0.0,0.0,0.0,0.0,0.0,0.0,0.0,3.16e-05,0.40404,0.0224395,6.25246e-07,3.38805e-11,1.10661e-09,2.06278e-22,0.0,0.0,0.0,0.0,0.573488
#[v_choice,15]
%0.0,0.0,0.0,0.0,0.0,0.0,0.0,0.0,0.0,3.16662e-05,0.404211,0.0223033,1.23038e-07,0.0,2.44301e-14,0.0,0.0,0.0,0.0,0.0,0.573454
#[v_choice,16]
%0.0,0.0,0.0,0.0,0.0,0.0,0.0651316,0.000617666,0.0524216,0.00792467,0.559991,0.22369,8.21943e-06,0.0,1.16169e-11,0.0833047,0.000408727,3.18538e-08,0.0,0.0,0.00650187
#[v_choice,17]
%1.59078e-05,0.000618343,0.0387056,0.0600305,0.037375,0.0448332,0.182524,0.0575947,0.152078,0.117835,0.119669,0.0833661,0.0247544,0.0275784,0.0160383,0.0136646,0.0101676,0.00245296,0.00241629,0.00354696,0.00473586
#[v_choice,18]
%0.000931555,0.0016021,0.00524162,0.00726122,0.00596904,0.0535731,0.10891,0.0585606,0.223271,0.34382,0.0660485,0.03284,0.0367093,0.0132899,0.0182519,0.0115066,0.0024851,0.00166378,9.13816e-05,0.00153292,0.00643966
#[v_choice,19]
%0.000712896,0.00126173,0.00926846,0.0943496,0.0936846,0.144628,0.105514,0.113656,0.154418,0.130708,0.0468607,0.0304373,0.0284795,0.0117525,0.0168546,0.00713823,0.00193181,0.00116408,0.000583921,0.00309666,0.00349989
#[v_choice,20]
%2.26397e-09,8.5818e-06,0.00250388,0.146978,0.0769934,0.123894,0.0547963,0.151669,0.0544205,0.135143,0.0431736,0.0460659,0.0975511,0.0248363,0.00864916,0.0219812,0.00514206,5.42108e-07,8.62545e-18,0.00222378,0.00396859
#[v_choice,21]
%0.000577062,0.00134124,0.0202916,0.133183,0.049217,0.150033,0.0966647,0.128214,0.0712203,0.15654,0.0335477,0.0312436,0.0573005,0.0281439,0.0102934,0.0211752,0.0025519,0.00135665,0.000812397,0.00247819,0.00381416
#[v_choice,22]
%0.0,0.0,0.0,0.0,0.0,0.0,0.0,0.0,0.0,0.0,0.0,0.0,0.0,0.0,0.0,0.0,0.0,0.0,0.0,0.337326,0.662674
#[v_choice,23]
%0.00138633,0.00386319,0.0017969,0.0300111,0.0482353,0.349377,0.0920434,0.109187,0.155538,0.117995,0.032655,0.0252629,0.0157137,0.00115041,0.00220831,0.00516845,2.57798e-05,0.00131528,2.99407e-07,0.00364655,0.00342002
#[v_choice,24]
%0.0,0.0,0.0,0.0,0.0,0.0,0.0,0.0,0.0,0.0,0.0,0.0,0.0,0.0,0.0,0.0,0.0,0.0,0.0,0.0,0.0
#[v_choice,25]
%1.04549e-05,0.000211157,0.00327825,0.0510854,0.0300272,0.0731597,0.174411,0.220534,0.146294,0.0879743,0.0968659,0.0411168,0.0409624,0.00946238,0.011791,0.00459586,0.00182197,0.000230636,0.000277219,0.00275446,0.00313516
#[v_choice,26]
%0.000501006,0.00092239,0.0060483,0.0113145,0.00682051,0.0329399,0.0324454,0.159587,0.0552313,0.181177,0.0817356,0.121056,0.0700804,0.0802114,0.0696421,0.0501072,0.00848153,0.0041761,0.00339206,0.0107332,0.013397
#[v_choice,27]
%0.00393067,0.000596567,0.00412738,0.0106339,0.0110317,0.0158054,0.0900083,0.093709,0.0972114,0.0947926,0.183814,0.134181,0.113765,0.0381379,0.0518574,0.0341895,0.00546861,0.0017195,0.00033589,0.00570886,0.00897444
#[v_choice,28]
%0.0039536,0.000596474,0.00414021,0.0106745,0.0110648,0.0158643,0.0903878,0.0939446,0.0973438,0.0948882,0.184187,0.13411,0.113582,0.0378499,0.0515199,0.0339502,0.00532405,0.00164259,0.000316663,0.00568218,0.0089778
#[v_choice,29]
%0.0,4.50171e-05,0.000275112,0.00369865,0.000157356,3.06113e-05,2.39115e-05,0.610167,0.0177922,0.069382,0.0954377,0.0272911,0.0221257,0.0333006,0.0187481,0.0116803,0.0205992,0.0159949,0.00709438,0.00342805,0.0427277
#[v_choice,30]
%0.0,0.0,0.0,0.0,0.0,0.0,0.000188449,0.0,0.0,0.0,0.994097,0.00571423,1.97202e-08,1.30686e-15,0.0,0.0,0.0,0.0,0.0,0.0,0.0
#[v_choice,31]
%0.000180148,0.00153709,0.00621358,0.0125875,0.046601,0.0500969,0.147079,0.0860504,0.143667,0.102773,0.0534882,0.0654352,0.0681958,0.102619,0.0457432,0.0154952,0.037128,0.00348103,0.00138647,0.00156957,0.00867207
#[v_choice,32]
%6.90534e-06,5.38145e-05,4.40205e-05,0.000426583,0.164649,0.138876,0.0470582,0.0943849,0.0974725,0.0888301,0.086823,0.0861242,0.0851934,0.0232638,0.034816,0.0209234,0.00671532,0.00353891,0.000884591,0.00741293,0.0125025
#[v_choice,33]
%0.0,0.0,0.0,0.0,0.0,0.0,0.0,0.0,0.0,0.0,0.0,0.0,0.0,0.0,0.0,0.0,0.0,0.0,0.0,0.0,1.0
#[v_choice,34]
%0.000152215,0.000387708,0.00121588,0.0129798,0.00475923,0.0986904,0.0490736,0.0842833,0.194409,0.158838,0.119379,0.100453,0.0762712,0.0212253,0.0372372,0.0226031,0.00447576,0.00153874,0.00167592,0.00552838,0.00482313
#[v_choice,35]
%1.4283e-05,0.000272103,0.00173499,0.00663018,0.0287943,0.0836748,0.0409091,0.111754,0.166101,0.139841,0.158505,0.0910916,0.0631547,0.0223111,0.0353823,0.0208802,0.0057338,0.00287924,0.00142808,0.00805994,0.0108482
#[v_choice,36]
%0.00149711,0.000529272,0.00785185,0.0195387,0.014673,0.0299896,0.0582349,0.0856307,0.130653,0.111672,0.141435,0.170594,0.14021,0.023953,0.0197069,0.0127521,0.00995794,0.00474149,0.00274881,0.0010472,0.0125833
#[v_choice,37]
%0.00241074,0.000771889,0.0124787,0.028133,0.0217627,0.0429252,0.0767591,0.107527,0.150952,0.100364,0.140696,0.165551,0.114388,0.0160543,0.00976273,0.0055003,0.00198587,0.000882348,0.000787224,0.000205927,0.000102094
#[v_choice,38]
%0.0,0.0,0.0,0.0,0.0,0.0,0.0,0.0,0.0,0.0,0.0,0.0,0.0,0.0,0.0,0.0,0.0,0.0,0.0,0.0,0.0
#[v_choice,39]
%0.0,0.0,0.0,0.0,0.0,0.0,0.0,0.0,0.0,0.0,0.0,0.0,0.0,0.0,0.0,0.0,0.0,0.0,0.0,0.0,0.0
#[v_choice,40]
%0.0,0.0,0.0,0.0,0.0,0.0,0.0,0.0,0.0,0.0,0.0,0.0,0.0,0.0,0.0,0.0,0.0,0.0,0.0,0.0,0.0
#[v_choice,41]
%0.0,0.0,0.0,0.0,0.0,0.0,0.0,0.0,0.0,0.0,0.0,0.0,0.0,0.0,0.0,0.0,0.0,0.0,0.0,0.0,0.0
#[v_choice,42]
%3.62388e-05,0.0049138,0.035118,0.0629238,0.0544069,0.0553659,0.145425,0.125871,0.124352,0.0908079,0.141713,0.0712654,0.0457879,0.0160162,0.00221858,0.00179238,0.00690805,0.00401002,0.00390473,0.00178116,0.00538223
#[v_choice,43]
%0.000135891,0.00367024,0.0341769,0.0608158,0.0563085,0.048129,0.136692,0.109767,0.117812,0.0801457,0.165167,0.081232,0.0580903,0.0146327,0.00323788,0.000524648,0.00795448,0.00894892,0.00221025,0.00194853,0.00840085
#[v_choice,44]
%0.000177661,0.00480296,0.0436738,0.0713909,0.0653377,0.059722,0.160236,0.128397,0.129428,0.0809233,0.125651,0.065251,0.0396133,0.0103859,0.00454196,0.00213209,0.00421569,0.00162691,3.97031e-05,0.000356829,0.00209543
#[v_choice,45]
%0.000636998,0.0011658,0.0125869,0.108257,0.108021,0.156305,0.104581,0.134119,0.149763,0.105905,0.0313354,0.0235527,0.0265661,0.00883708,0.0119462,0.00930597,0.00152385,0.000351299,0.000524478,0.00199271,0.00272245
#[v_choice,46]
%0.000869256,0.00110944,0.0141242,0.115946,0.101994,0.176427,0.104617,0.126919,0.162957,0.0959536,0.024794,0.0226674,0.0232874,0.00867895,0.0064961,0.00856046,0.00146187,0.0010925,0.000972041,0.000460254,0.000611313
#[v_choice,47]
%0.000439736,0.0015318,0.0140102,0.129215,0.117239,0.158959,0.0965868,0.140299,0.150518,0.0878453,0.0251836,0.0163552,0.0276353,0.00832513,0.00982002,0.0105514,0.00220849,0.0012165,0.000875108,0.000505337,0.000678927
#[v_choice,48]
%0.000455108,0.00158501,0.0140509,0.131805,0.119861,0.162994,0.0975865,0.142851,0.151645,0.0879021,0.0242807,0.0142432,0.021805,0.00723027,0.00862889,0.00974689,0.00160544,0.000362421,0.000286842,0.000405966,0.000668332
#[v_choice,49]
%8.71217e-05,0.000351794,0.0160929,0.0103331,0.0690642,0.134033,0.0572746,0.222425,0.249945,0.0632325,0.0515343,0.060749,0.0175653,0.024047,0.0131816,0.00343324,0.000698389,0.00134296,0.00158238,0.000680315,0.00234723
#[v_choice,50]
%0.0,0.0,0.0,0.0,0.0,0.0,0.0,0.0,0.0,0.0,0.0,0.0,0.0978672,0.000904477,4.04461e-07,0.00269206,2.69965e-10,1.40303e-05,1.33267e-07,0.0647958,0.833726
#[v_choice,51]
%0.0,0.0,0.0,0.0,0.0,0.0,0.0,0.0,0.0,0.0,0.0,0.0,0.0984871,0.000895815,3.90154e-10,0.0026668,2.12002e-14,1.39828e-05,1.2986e-07,0.0647157,0.83322
#[v_choice,52]
%0.000247629,0.000105419,0.00893922,0.00683883,0.0514677,0.149968,0.064146,0.226777,0.273182,0.0746015,0.0488015,0.0373359,0.00971536,0.0143785,0.0152107,0.00532514,0.000554035,0.00129159,0.00370067,0.00282714,0.00458631
#[v_choice,53]
%0.000259396,0.000110315,0.0092675,0.00711348,0.0537295,0.155472,0.066225,0.232495,0.280464,0.0744783,0.0462491,0.0340772,0.00864853,0.0130732,0.0117807,0.00370966,0.000484122,0.000438217,0.000922064,0.000262461,0.000739693
#[v_choice,54]
%0.000587637,0.000589525,0.00657491,0.00507091,0.0511236,0.161912,0.0746028,0.231874,0.270683,0.075518,0.0424957,0.0320543,0.00843499,0.0126324,0.0116983,0.00260567,0.00177957,0.000346406,0.00335384,0.0011125,0.00495053
#[v_choice,55]
%5.65019e-05,0.000244269,0.00965502,0.00836984,0.0507387,0.158968,0.0707066,0.237035,0.269383,0.0714232,0.0508986,0.0324354,0.00780001,0.0120896,0.00943485,0.00191644,0.000533441,0.000952939,0.00255421,0.000817756,0.00398736
#[v_choice,56]
%0.0,0.0,0.0,0.0,0.0,0.0,0.0,0.0,0.0,0.0,0.0,0.0,0.0,0.0,0.0,0.0,0.0,0.0,1.0,0.0,0.0
#[v_choice,57]
%0.000224922,0.000757389,0.00937804,0.00634873,0.0523919,0.14972,0.0713077,0.22976,0.266743,0.0676724,0.0495466,0.0395782,0.0135767,0.016772,0.0120066,0.00256319,0.000929344,0.000662457,0.00284622,0.00229226,0.00492275
#[v_choice,58]
%0.00771119,0.00426699,0.0138937,0.0459451,0.0506257,0.0937697,0.380735,0.174633,0.106763,0.0774767,0.0130554,0.0126952,0.00551995,0.0033852,0.00414093,0.00303815,0.000918331,0.000184711,0.000170297,0.000164806,0.000906241
#[v_choice,59]
%0.0,0.0,0.0,0.0,0.0,0.0,0.0,0.0,0.0,3.0894e-07,0.904814,0.0879904,0.00718139,8.38983e-06,5.45989e-06,1.00499e-09,1.90538e-12,1.67671e-16,4.29186e-20,5.63708e-24,1.99225e-24
#[v_choice,60]
%0.0,0.0,0.0,0.0,0.0,0.0,0.0,0.0,0.0,2.65639e-07,0.905888,0.0871889,0.00691189,6.1438e-06,4.35539e-06,8.12217e-13,0.0,0.0,0.0,0.0,0.0
#[v_choice,61]
%0.00052909,0.00179915,0.0173671,0.0313902,0.0424856,0.0638464,0.122865,0.0837527,0.0923704,0.0734681,0.149815,0.114823,0.0866116,0.028422,0.0469295,0.024919,0.00396871,0.00131738,0.00142539,0.00405145,0.00784275
#[v_choice,62]
%2.36735e-05,0.000165315,0.00270301,0.0122848,0.0085198,0.0273134,0.0167543,0.304679,0.0704496,0.159947,0.151084,0.0841945,0.0606754,0.0218146,0.0339226,0.0276303,0.00561042,0.00223408,0.00193391,0.00423097,0.0038286
#[v_choice,63]
%0.00022678,0.000281139,0.00334119,0.0120217,0.00843031,0.0341056,0.0206627,0.358798,0.0846665,0.114166,0.139581,0.0855291,0.0489328,0.0200684,0.0279583,0.0222442,0.00504155,0.000282529,0.000785568,0.00530245,0.00757333
#[v_choice,64]
%0.000227859,0.000282426,0.0033548,0.0120631,0.00844288,0.0342048,0.0206938,0.360086,0.0843807,0.114167,0.139652,0.0852469,0.0486467,0.0198658,0.027733,0.0221134,0.00494498,0.00026706,0.000762414,0.00528971,0.00757435
#[v_choice,65]
%0.0,0.0,0.0,0.0,0.0,0.0,0.0,0.0,0.0,0.999971,2.87729e-05,7.1579e-08,3.05796e-12,1.07254e-16,0.0,8.7653e-17,0.0,0.0,0.0,0.0,0.0
#[v_choice,66]
%6.0536e-05,0.00148565,0.0105932,0.0152595,0.0120343,0.0231326,0.0328658,0.373967,0.0960082,0.0598405,0.130725,0.0966253,0.0619006,0.0181302,0.0221965,0.0160263,0.00313643,0.00305764,0.000645805,0.00317588,0.0191327
#[v_choice,67]
%2.74069e-05,2.84334e-05,0.00138062,0.0105897,0.00783823,0.0755188,0.0267941,0.347937,0.153974,0.0563417,0.0929402,0.0782883,0.0572402,0.0151291,0.0326758,0.0283509,0.00243508,0.00427071,0.00235671,0.00188137,0.00400193
#[v_choice,68]
%0.0,0.0,0.0,0.0,0.0,0.0,0.0,0.499192,0.000291675,1.37104e-08,0.0,0.500493,2.34681e-05,0.0,1.04717e-10,1.27148e-14,0.0,0.0,0.0,0.0,0.0
#[v_choice,69]
%0.000162616,0.000622301,0.00308258,0.0165426,0.0125303,0.0962552,0.117923,0.0606055,0.222581,0.299099,0.0614823,0.0414476,0.0278225,0.00780544,0.012156,0.0111264,0.00227244,0.000896713,0.000366024,0.00245978,0.00276038
#[v_choice,70]
%0.000163573,0.000625376,0.0030987,0.0166326,0.0125848,0.0967174,0.118262,0.0606007,0.223165,0.299611,0.0610568,0.0408831,0.027354,0.00759427,0.0119516,0.0110365,0.00222449,0.000869942,0.000352643,0.00245354,0.00276137
#[v_choice,71]
%0.0,0.0,0.0,0.0,0.0,7.88537e-05,7.46159e-08,7.49218e-11,0.0,0.000127461,1.38499e-08,4.71957e-13,0.0,0.0,0.0,0.0071364,0.03156,0.0146691,0.0455083,0.422205,0.478714
#[v_choice,72]
%0.000290747,0.0015051,0.00515944,0.0239172,0.0203973,0.114423,0.122553,0.0617348,0.204806,0.289653,0.0546578,0.0340309,0.0308141,0.00839132,0.00885969,0.0122828,0.00193669,0.0013328,0.000224897,0.00110761,0.00192228
#[v_choice,73]
%2.54652e-05,0.000317072,0.00897499,0.00958404,0.00777583,0.0674665,0.138127,0.0494816,0.227611,0.304075,0.0596427,0.043363,0.0343695,0.00956073,0.0159137,0.0119124,0.00308815,0.00147992,0.000377765,0.00247129,0.00438297
#[v_choice,74]
%7.68545e-05,0.000560619,0.00592785,0.00752324,0.0129675,0.0571665,0.126433,0.0643732,0.240619,0.290879,0.0591037,0.0437625,0.0347053,0.010293,0.0200557,0.014059,0.00316292,0.00182375,0.000536445,0.00196712,0.00400339
#[v_choice,75]
%0.000133515,0.000180891,0.00774702,0.0106876,0.0110647,0.0686512,0.126048,0.0609788,0.219233,0.290682,0.0715645,0.0488896,0.0297793,0.011952,0.0171557,0.0132887,0.0020778,0.00186069,0.000633531,0.00331144,0.00407955
#[v_choice,76]
%0.0,1.1733e-05,1.04481e-06,8.37269e-06,3.55865e-06,7.10589e-05,1.73635e-08,0.137858,0.0887603,0.773085,0.000200328,1.07926e-07,1.14523e-11,1.20669e-17,0.0,0.0,1.02935e-10,2.30974e-23,1.14034e-27,6.89537e-30,1.03734e-37
#[v_choice,77]
%0.000290499,0.000689037,0.00256434,0.00677221,0.00809823,0.0785435,0.110791,0.0675257,0.230651,0.304332,0.0600787,0.0516714,0.0312094,0.00588109,0.0148717,0.0121309,0.00361058,0.000128763,0.000546445,0.00579444,0.00381983
#[v_choice,78]
%3.55739e-05,0.000657124,0.00501382,0.0215804,0.0180647,0.104634,0.12512,0.0585929,0.219874,0.275837,0.0605604,0.0385628,0.029009,0.0056874,0.0127805,0.0127727,0.00308928,0.0011689,0.000970539,0.00344271,0.00254639
#[v_choice,79]
%8.89956e-06,0.000827445,0.002349,0.0151164,0.00839479,0.0753021,0.12941,0.0628829,0.224826,0.286476,0.0651767,0.0458293,0.0276113,0.00949771,0.0165234,0.0151931,0.00457322,0.00174658,0.00230165,0.002974,0.00297869
#[v_choice,80]
%0.000478726,0.000460467,0.00129775,0.0207017,0.0168882,0.105639,0.103453,0.0839065,0.204743,0.271881,0.0593465,0.0497427,0.0324207,0.00844657,0.0118431,0.0149831,0.00368276,0.00154587,0.00208868,0.00271528,0.0037347
#[v_choice,81]
%0.000106311,0.000680452,0.00307888,0.0208983,0.0114664,0.0985199,0.132452,0.0513447,0.215926,0.293158,0.0529538,0.040729,0.0340661,0.00844319,0.0115048,0.0114835,0.00363196,0.000458081,0.000657706,0.00429894,0.00414263
#[v_choice,82]
%1.29029e-05,0.00257989,0.00887248,0.0145568,0.00844566,0.0629626,0.103668,0.0607064,0.20332,0.28042,0.068731,0.0948457,0.0419443,0.0170225,0.0108043,0.00158946,0.00688401,1.1204e-06,0.00196931,0.010654,9.86361e-06
#[v_choice,83]
%2.54286e-05,0.000213623,0.00264259,0.0122963,0.0087091,0.0837774,0.113615,0.0621409,0.224566,0.286607,0.0657686,0.051135,0.0360366,0.0100644,0.015525,0.0146744,0.00284577,0.00121311,0.00049847,0.00419118,0.00345383
#[v_choice,84]
%2.55938e-05,0.000214582,0.00265602,0.0123515,0.0087371,0.0842009,0.113988,0.0621726,0.225195,0.287104,0.0653661,0.0505687,0.0355838,0.00984929,0.0153126,0.0145756,0.00278915,0.00117879,0.000487032,0.00418908,0.00345424
#[v_choice,85]
%2.56335e-05,0.000214915,0.00266014,0.0123706,0.00875064,0.0843314,0.114165,0.0622689,0.225128,0.287405,0.0654578,0.0506445,0.035459,0.00983872,0.0149326,0.01453,0.00278593,0.00117996,0.000487698,0.00395271,0.00341027
#[v_choice,86]
%2.56103e-05,0.00021472,0.00265777,0.0123595,0.00874277,0.0842572,0.114064,0.0622141,0.225072,0.287197,0.065403,0.0506019,0.0356082,0.00985633,0.0153235,0.014586,0.00279149,0.00117987,0.000487461,0.00394984,0.00340791
#[v_choice,87]
%0.0,0.0,0.0,0.0,0.0570065,0.0442946,0.112564,0.000105274,0.547905,0.157638,5.06529e-05,7.63044e-06,0.0804153,1.25988e-05,1.30173e-10,5.13172e-16,5.1505e-19,2.81448e-23,1.21604e-24,1.00233e-26,2.87267e-27
#[v_choice,88]
%0.00224598,0.000262451,0.0152744,0.009099,0.183602,0.081213,0.0756131,0.165036,0.250535,0.0438131,0.0569188,0.0415502,0.0176772,0.0219678,0.0192446,0.00344595,0.00129834,0.00152894,0.00407498,0.00209677,0.00350313
@d_5_del
$Dim[3,21]
#[d_gene,0]
%0.00395673,0.00364946,0.0402014,0.0155218,0.0685244,0.097776,0.228783,0.106904,0.100287,0.195853,0.043374,0.0359255,0.0243155,0.0299145,0.000397012,0.00117275,0.00344331,0.0,0.0,0.0,0.0
#[d_gene,1]
%0.000459552,0.00343889,0.0352351,0.0151389,0.0581635,0.0823845,0.13735,0.0722295,0.176325,0.176925,0.045462,0.0266165,0.0430289,0.027945,0.0283716,0.025191,0.0240945,0.0172878,0.000882881,0.00129102,0.00217857
#[d_gene,2]
%0.000425289,0.00354219,0.0377076,0.0155361,0.0643136,0.0868345,0.132281,0.0677395,0.167344,0.1586,0.0412279,0.0236961,0.0255177,0.0159011,0.00949574,0.0688733,0.0638153,0.0135627,0.000747218,0.00105696,0.00178263
@j_5_del
$Dim[15,21]
#[j_choice,0]
%0.000266327,0.00149974,0.0112178,0.039021,0.0367888,0.204158,0.0735197,0.11065,0.123357,0.121547,0.0656652,0.0457204,0.0204043,0.0460237,0.0443167,0.038968,0.00562661,0.00234129,0.00140769,0.00123462,0.00626571
#[j_choice,1]
%0.000150843,4.51826e-05,0.0182803,0.00562702,0.0396393,0.0284744,0.0913955,0.0792807,0.185314,0.111994,0.103798,0.0676379,0.205576,0.0200133,0.0102748,0.00428375,0.00505589,0.00528355,0.00469148,0.00213015,0.0110548
#[j_choice,2]
%0.00611434,0.00627912,0.0233664,0.0165972,0.224276,0.0737549,0.122078,0.0566441,0.163375,0.146015,0.0424144,0.031866,0.0446541,0.0161511,0.0056123,0.0056856,0.00154594,0.000801982,0.000499122,0.00381704,0.00845295
#[j_choice,3]
%0.000636492,0.00337045,0.0119588,0.0379904,0.0534979,0.0387641,0.0386732,0.0568724,0.0679002,0.1144,0.0771966,0.109732,0.23176,0.0301882,0.0517323,0.0148047,0.0210777,0.0136653,0.0077573,0.00467492,0.0133466
#[j_choice,4]
%8.95293e-05,0.00204066,0.0435821,0.0543051,0.0296656,0.0804836,0.133557,0.0874786,0.11164,0.113702,0.0871145,0.124888,0.0541845,0.0341683,0.011372,0.0174449,0.00231102,0.00107044,0.00385999,0.00286364,0.00417757
#[j_choice,5]
%0.000224523,0.0167537,0.0419976,0.0153991,0.0209723,0.023247,0.0194674,0.0238304,0.0515589,0.0821829,0.0358352,0.211191,0.111729,0.077596,0.169299,0.0246716,0.0171273,0.0120948,0.0270372,0.00361624,0.0141699
#[j_choice,6]
%0.000329303,0.015813,0.049479,0.0139321,0.0257419,0.0260659,0.0238189,0.0330102,0.0475584,0.0760468,0.0408119,0.195864,0.109558,0.07939,0.16039,0.0231818,0.0196359,0.0138553,0.0282895,0.00325365,0.0139743
#[j_choice,7]
%0.000400694,0.0107151,0.0376278,0.014379,0.0396873,0.0402391,0.0516188,0.0637811,0.1206,0.121019,0.10046,0.0971255,0.117943,0.0751566,0.0422429,0.0147201,0.0171189,0.00541325,0.01432,0.0119396,0.00349256
#[j_choice,8]
%0.000866243,0.00105033,0.00955329,0.00613084,0.0679317,0.0953234,0.0971972,0.1217,0.157302,0.134083,0.122821,0.123226,0.0251184,0.0170976,0.0078008,0.0027019,0.0028801,0.00325481,0.00113561,0.000881344,0.00194445
#[j_choice,9]
%3.35223e-05,0.000293044,0.0406803,0.0136191,0.0552592,0.113256,0.22023,0.0908795,0.148043,0.113001,0.10385,0.035511,0.0205474,0.0122929,0.00940304,0.0066789,0.00170288,0.00386504,0.0045018,0.00162706,0.00472523
#[j_choice,10]
%0.000101138,0.00113011,0.0761079,0.0725888,0.120263,0.133382,0.0662397,0.119803,0.0335607,0.103194,0.0809878,0.0343592,0.0682504,0.0326468,0.00930861,0.00641779,0.004945,0.00316436,0.00672769,0.0119319,0.0148897
#[j_choice,11]
%3.87129e-05,0.000314454,0.0152253,0.00418066,0.0105752,0.0469104,0.148034,0.215794,0.15572,0.247298,0.07574,0.0400375,0.00594648,0.0113999,0.00547088,0.00124434,0.00418527,0.00247491,0.00114421,0.00248647,0.00577924
#[j_choice,12]
%0.00512273,0.00341034,0.0359751,0.0242292,0.296079,0.142123,0.180522,0.0652258,0.145636,0.0361371,0.0165494,0.015327,0.00604397,0.00508741,0.00145223,0.00196813,0.0063224,0.00427626,0.000767787,0.00115063,0.00659399
#[j_choice,13]
%0.000486902,0.00704507,0.0275482,0.00726534,0.0629328,0.0603256,0.137698,0.203646,0.139873,0.117246,0.0946828,0.0721186,0.0176069,0.0180596,0.00326446,0.0095543,0.00676414,0.00203354,0.003854,0.00269761,0.00529775
#[j_choice,14]
%0.000561336,0.00720264,0.0410588,0.00650993,0.0466419,0.0579017,0.116448,0.181376,0.146118,0.101999,0.102774,0.0832996,0.0194253,0.0212446,0.00510857,0.0114182,0.00789112,0.00220406,0.00306541,0.00538115,0.0323717
@d_3_del
$Dim[3,21,21]
#[d_gene,0],[d_5_del,0]
%0.000456974,2.01601e-05,7.05732e-05,0.00132265,0.00459976,0.00101772,0.0169245,0.0516058,0.013911,0.0111721,0.0170881,0.00905658,0.00558631,0.00022246,7.45667e-05,0.000212929,0.00180149,0.0112772,0.0331496,0.376999,0.443431
#[d_gene,0],[d_5_del,1]
%1.30244e-05,3.80801e-06,0.00384914,0.00389984,0.0184494,0.00907304,0.0553362,0.195957,0.057882,0.108095,0.0897777,0.0839701,0.0409105,0.00166139,0.000255955,0.00164284,0.0138508,0.0321766,0.0220765,0.261119,0.0
#[d_gene,0],[d_5_del,2]
%3.59283e-05,0.000192799,0.00357239,0.00534885,0.0459177,0.016405,0.0970534,0.281924,0.0775539,0.174527,0.126091,0.130044,0.0242163,0.000311848,3.38363e-05,0.000254612,0.00103566,0.00107086,0.0144112,0.0,0.0
#[d_gene,0],[d_5_del,3]
%4.0537e-06,0.000184801,0.00268488,0.00278655,0.036648,0.0190205,0.0750674,0.223879,0.0665393,0.194234,0.138127,0.150659,0.0694289,0.000807566,8.56112e-05,0.000355668,0.00111632,0.0183713,0.0,0.0,0.0
#[d_gene,0],[d_5_del,4]
%3.29443e-05,0.000207705,0.00359395,0.00472993,0.0361765,0.0193781,0.0756944,0.221559,0.0791199,0.235137,0.10784,0.132566,0.0810174,0.000607633,2.37804e-05,0.000234265,0.00208075,0.0,0.0,0.0,0.0
#[d_gene,0],[d_5_del,5]
%2.03619e-05,7.86498e-05,0.00258204,0.00441276,0.0368549,0.0199089,0.0631797,0.234955,0.0979938,0.222182,0.0688681,0.128462,0.117958,0.00124733,0.000511291,0.000785458,0.0,0.0,0.0,0.0,0.0
#[d_gene,0],[d_5_del,6]
%1.47151e-05,0.000109327,0.0037426,0.00569843,0.0398107,0.0213309,0.0711059,0.277741,0.131617,0.195149,0.0690302,0.180104,0.00427313,0.000156352,0.000118053,0.0,0.0,0.0,0.0,0.0,0.0
#[d_gene,0],[d_5_del,7]
%2.26488e-05,0.00017715,0.00896446,0.0104447,0.0633885,0.0274862,0.112283,0.350812,0.115418,0.140541,0.159775,0.0100178,0.000566783,0.000103634,0.0,0.0,0.0,0.0,0.0,0.0,0.0
#[d_gene,0],[d_5_del,8]
%1.0008e-05,8.26431e-05,0.00507007,0.00935449,0.0625604,0.0409239,0.124895,0.3731,0.136442,0.240723,0.00646593,0.000320248,5.3081e-05,0.0,0.0,0.0,0.0,0.0,0.0,0.0,0.0
#[d_gene,0],[d_5_del,9]
%1.44233e-05,0.000135089,0.00842981,0.0143585,0.0602715,0.0847282,0.184867,0.286957,0.348922,0.0106222,0.000679197,1.48127e-05,0.0,0.0,0.0,0.0,0.0,0.0,0.0,0.0,0.0
#[d_gene,0],[d_5_del,10]
%8.28856e-05,0.000597131,0.0317111,0.0398961,0.101363,0.168597,0.275759,0.359273,0.0219797,0.000707123,3.47118e-05,0.0,0.0,0.0,0.0,0.0,0.0,0.0,0.0,0.0,0.0
#[d_gene,0],[d_5_del,11]
%0.000328133,0.00142751,0.019735,0.0436344,0.161436,0.331389,0.431356,0.0100249,0.000628483,4.09287e-05,0.0,0.0,0.0,0.0,0.0,0.0,0.0,0.0,0.0,0.0,0.0
#[d_gene,0],[d_5_del,12]
%0.00139993,0.00371328,0.0152105,0.0666803,0.259591,0.635494,0.0172241,0.000470814,0.000216629,0.0,0.0,0.0,0.0,0.0,0.0,0.0,0.0,0.0,0.0,0.0,0.0
#[d_gene,0],[d_5_del,13]
%0.0,0.0065443,0.0203152,0.131915,0.820055,0.0154185,0.00453395,0.00121706,0.0,0.0,0.0,0.0,0.0,0.0,0.0,0.0,0.0,0.0,0.0,0.0,0.0
#[d_gene,0],[d_5_del,14]
%0.0,0.0,0.00925885,0.0372062,0.336632,0.202863,0.414041,0.0,0.0,0.0,0.0,0.0,0.0,0.0,0.0,0.0,0.0,0.0,0.0,0.0,0.0
#[d_gene,0],[d_5_del,15]
%0.0,0.0,0.0,0.0921769,0.203559,0.704264,0.0,0.0,0.0,0.0,0.0,0.0,0.0,0.0,0.0,0.0,0.0,0.0,0.0,0.0,0.0
#[d_gene,0],[d_5_del,16]
%0.0,0.0,0.0,0.0,1.0,0.0,0.0,0.0,0.0,0.0,0.0,0.0,0.0,0.0,0.0,0.0,0.0,0.0,0.0,0.0,0.0
#[d_gene,0],[d_5_del,17]
%0.0,0.0,0.0,0.0,0.0,0.0,0.0,0.0,0.0,0.0,0.0,0.0,0.0,0.0,0.0,0.0,0.0,0.0,0.0,0.0,0.0
#[d_gene,0],[d_5_del,18]
%0.0,0.0,0.0,0.0,0.0,0.0,0.0,0.0,0.0,0.0,0.0,0.0,0.0,0.0,0.0,0.0,0.0,0.0,0.0,0.0,0.0
#[d_gene,0],[d_5_del,19]
%0.0,0.0,0.0,0.0,0.0,0.0,0.0,0.0,0.0,0.0,0.0,0.0,0.0,0.0,0.0,0.0,0.0,0.0,0.0,0.0,0.0
#[d_gene,0],[d_5_del,20]
%0.0,0.0,0.0,0.0,0.0,0.0,0.0,0.0,0.0,0.0,0.0,0.0,0.0,0.0,0.0,0.0,0.0,0.0,0.0,0.0,0.0
#[d_gene,1],[d_5_del,0]
%0.0,0.0010828,0.0286948,0.0302253,0.0112426,0.125718,0.105984,0.0417471,0.0357204,0.0473045,0.0282392,0.0806601,0.125116,0.0243502,0.0303085,0.0694752,0.0262092,0.0017295,0.00102065,0.00868903,0.176483
#[d_gene,1],[d_5_del,1]
%2.1725e-05,0.00193868,0.0340075,0.0483356,0.0191502,0.0538336,0.0812144,0.0788808,0.0797937,0.120976,0.0658014,0.0761482,0.104762,0.0251926,0.0321415,0.0890055,0.0299977,0.0010886,0.000434934,0.0050845,0.0521906
#[d_gene,1],[d_5_del,2]
%7.22338e-05,0.000582889,0.0146406,0.0164559,0.0120869,0.0498846,0.0716547,0.0638131,0.0616331,0.115909,0.0921794,0.111084,0.142637,0.0313936,0.0509164,0.140034,0.020281,0.000371886,5.16787e-05,0.000572564,0.00374531
#[d_gene,1],[d_5_del,3]
%6.75937e-05,0.000294205,0.00841466,0.021184,0.00886431,0.0657034,0.0702637,0.0624623,0.0668947,0.110866,0.0753318,0.0732944,0.107889,0.0261278,0.0614976,0.152361,0.0767365,0.00086355,0.000149603,0.00217721,0.00855695
#[d_gene,1],[d_5_del,4]
%0.000165921,0.000241406,0.0133415,0.0161946,0.00645371,0.0475993,0.083565,0.0805251,0.0880248,0.140221,0.074834,0.0825716,0.0987738,0.0241079,0.0483232,0.124408,0.055368,0.000443486,6.22241e-05,0.00265873,0.0121164
#[d_gene,1],[d_5_del,5]
%8.73681e-05,0.000195681,0.0173369,0.0196264,0.00936921,0.0701708,0.10709,0.105691,0.100345,0.133614,0.0630676,0.0832262,0.0761571,0.015968,0.034756,0.101926,0.0557959,0.000772516,0.00114507,0.00365831,0.0
#[d_gene,1],[d_5_del,6]
%7.84339e-05,0.000446498,0.015895,0.0246935,0.0100444,0.0652766,0.107238,0.117685,0.089228,0.104096,0.0524549,0.0777124,0.0848938,0.0143565,0.0446466,0.181582,0.00818155,0.000425295,0.00106482,0.0,0.0
#[d_gene,1],[d_5_del,7]
%0.00023409,0.000935531,0.0231362,0.028488,0.0109813,0.0861878,0.130287,0.115343,0.0786532,0.107763,0.0665262,0.0603757,0.0851418,0.032919,0.158944,0.0109748,0.00226528,0.000843609,0.0,0.0,0.0
#[d_gene,1],[d_5_del,8]
%0.000101748,0.000698591,0.0224511,0.0291792,0.0125721,0.0862567,0.138497,0.129051,0.0963869,0.126547,0.0620246,0.0566112,0.104291,0.127722,0.00724116,0.000216975,0.000151461,0.0,0.0,0.0,0.0
#[d_gene,1],[d_5_del,9]
%6.75385e-05,0.000755179,0.021189,0.0255896,0.0109501,0.072035,0.107985,0.0984223,0.0654802,0.0706201,0.0361217,0.0554659,0.407443,0.0266265,0.00117188,7.70479e-05,0.0,0.0,0.0,0.0,0.0
#[d_gene,1],[d_5_del,10]
%0.000594237,0.000893021,0.029163,0.0425117,0.0116068,0.0903148,0.113092,0.110719,0.0778807,0.0911688,0.0739335,0.320975,0.033803,0.00318057,0.000163802,0.0,0.0,0.0,0.0,0.0,0.0
#[d_gene,1],[d_5_del,11]
%0.000262145,0.000796677,0.0384358,0.0457303,0.0202212,0.114397,0.143268,0.152529,0.109492,0.169216,0.185358,0.0185941,0.00154236,0.000156753,0.0,0.0,0.0,0.0,0.0,0.0,0.0
#[d_gene,1],[d_5_del,12]
%0.000286152,0.000741545,0.0115688,0.020362,0.0182545,0.0651502,0.0938708,0.137679,0.129873,0.507329,0.013665,0.00111834,0.000102325,0.0,0.0,0.0,0.0,0.0,0.0,0.0,0.0
#[d_gene,1],[d_5_del,13]
%0.000737522,0.00259838,0.0209454,0.0896777,0.0582263,0.106711,0.162069,0.247496,0.287708,0.0226271,0.000937082,0.000267212,0.0,0.0,0.0,0.0,0.0,0.0,0.0,0.0,0.0
#[d_gene,1],[d_5_del,14]
%0.00295031,0.0062759,0.0425585,0.144103,0.104828,0.159232,0.243217,0.283045,0.0108429,0.00242952,0.00051798,0.0,0.0,0.0,0.0,0.0,0.0,0.0,0.0,0.0,0.0
#[d_gene,1],[d_5_del,15]
%0.00733384,0.017904,0.0607769,0.128121,0.178813,0.273548,0.318595,0.0115675,0.00208893,0.00125255,0.0,0.0,0.0,0.0,0.0,0.0,0.0,0.0,0.0,0.0,0.0
#[d_gene,1],[d_5_del,16]
%0.0232066,0.0367266,0.11347,0.188599,0.285301,0.332739,0.0133812,0.00245567,0.00412147,0.0,0.0,0.0,0.0,0.0,0.0,0.0,0.0,0.0,0.0,0.0,0.0
#[d_gene,1],[d_5_del,17]
%0.0,0.0795767,0.170448,0.21633,0.462693,0.0247162,0.0298247,0.0164112,0.0,0.0,0.0,0.0,0.0,0.0,0.0,0.0,0.0,0.0,0.0,0.0,0.0
#[d_gene,1],[d_5_del,18]
%0.0,0.0,0.0576516,0.0372985,0.0629409,0.224295,0.617814,0.0,0.0,0.0,0.0,0.0,0.0,0.0,0.0,0.0,0.0,0.0,0.0,0.0,0.0
#[d_gene,1],[d_5_del,19]
%0.0,0.0,0.0,0.0291138,0.082078,0.888808,0.0,0.0,0.0,0.0,0.0,0.0,0.0,0.0,0.0,0.0,0.0,0.0,0.0,0.0,0.0
#[d_gene,1],[d_5_del,20]
%0.0,0.0,0.0,0.0,1.0,0.0,0.0,0.0,0.0,0.0,0.0,0.0,0.0,0.0,0.0,0.0,0.0,0.0,0.0,0.0,0.0
#[d_gene,2],[d_5_del,0]
%0.00382768,0.00879782,0.0419294,0.00243301,0.0175305,0.0259802,0.114976,0.0820184,0.0353791,0.0467142,0.0282184,0.0777566,0.134073,0.0226187,0.0274246,0.0597773,0.0223745,0.000992067,0.000945616,0.00855769,0.237675
#[d_gene,2],[d_5_del,1]
%0.000627203,0.00170627,0.0490438,0.00438252,0.0116267,0.0367329,0.160406,0.113074,0.0702548,0.106895,0.0597029,0.067342,0.100283,0.0219293,0.025774,0.07166,0.0225873,0.000886282,0.000489071,0.00594651,0.0686507
#[d_gene,2],[d_5_del,2]
%0.000499726,0.000558218,0.0344292,0.00898342,0.0147326,0.0299593,0.161665,0.0908139,0.0525144,0.100256,0.0807757,0.0990744,0.12977,0.0259979,0.041158,0.107454,0.0146342,0.000272802,5.3054e-05,0.000958105,0.00544032
#[d_gene,2],[d_5_del,3]
%0.000393071,0.00079253,0.0260907,0.00449392,0.0118126,0.0296689,0.165256,0.0995462,0.058005,0.0995595,0.0672781,0.0662684,0.100095,0.0225495,0.0507381,0.120281,0.05858,0.00075028,0.000175833,0.00331342,0.0143515
#[d_gene,2],[d_5_del,4]
%0.000429086,0.00127376,0.0297746,0.0070829,0.0146023,0.0368948,0.195657,0.112059,0.0706921,0.115668,0.0618562,0.0679979,0.0812913,0.01852,0.0353892,0.0891758,0.0377846,0.000325946,0.000119316,0.00600732,0.0173986
#[d_gene,2],[d_5_del,5]
%0.000387586,0.00121738,0.0328151,0.00789014,0.015698,0.0394958,0.227664,0.124627,0.0855208,0.113816,0.0536405,0.0704886,0.0633769,0.0124745,0.026074,0.0755293,0.0387101,0.000691911,0.00215843,0.0077244,0.0
#[d_gene,2],[d_5_del,6]
%0.00037388,0.00153391,0.0330498,0.0090189,0.0158982,0.0401935,0.204628,0.111737,0.0834879,0.0979406,0.0492924,0.0711115,0.075783,0.0120943,0.0362569,0.145989,0.00742011,0.000793737,0.00339745,0.0,0.0
#[d_gene,2],[d_5_del,7]
%0.000419742,0.00256402,0.0493625,0.011713,0.0168999,0.0454328,0.232964,0.0919876,0.0759818,0.102342,0.0633836,0.0564817,0.0753273,0.0271604,0.125365,0.0108587,0.00758904,0.00416666,0.0,0.0,0.0
#[d_gene,2],[d_5_del,8]
%0.000276983,0.00190701,0.042147,0.0111246,0.0168771,0.0500109,0.250533,0.112289,0.0903165,0.118354,0.0574936,0.0501376,0.0869341,0.0989116,0.0107273,0.000936537,0.00102309,0.0,0.0,0.0,0.0
#[d_gene,2],[d_5_del,9]
%0.00034501,0.00224832,0.0443202,0.0129619,0.0165608,0.0413076,0.194202,0.0914768,0.0647488,0.0685155,0.033885,0.0488235,0.336701,0.0362145,0.00687573,0.000814243,0.0,0.0,0.0,0.0,0.0
#[d_gene,2],[d_5_del,10]
%0.000949827,0.00176898,0.0569549,0.0155678,0.0211519,0.0543444,0.248991,0.0818094,0.0710445,0.0808612,0.0625865,0.262217,0.0317604,0.00780118,0.00219156,0.0,0.0,0.0,0.0,0.0,0.0
#[d_gene,2],[d_5_del,11]
%0.000382306,0.00316087,0.0935913,0.016545,0.0325698,0.0767286,0.294272,0.0698101,0.0939224,0.143075,0.151764,0.0171284,0.00460445,0.00244603,0.0,0.0,0.0,0.0,0.0,0.0,0.0
#[d_gene,2],[d_5_del,12]
%0.00046518,0.000707871,0.0276518,0.00859946,0.0143661,0.025346,0.0800044,0.0374298,0.163727,0.614073,0.0227209,0.00290767,0.00200148,0.0,0.0,0.0,0.0,0.0,0.0,0.0,0.0
#[d_gene,2],[d_5_del,13]
%0.00242859,0.00196959,0.0459466,0.0204793,0.123726,0.107053,0.130503,0.155334,0.375723,0.0298614,0.00336438,0.00360982,0.0,0.0,0.0,0.0,0.0,0.0,0.0,0.0,0.0
#[d_gene,2],[d_5_del,14]
%0.000617217,0.00240786,0.0141457,0.0223173,0.206864,0.171362,0.197291,0.355801,0.0194723,0.00549714,0.00422486,0.0,0.0,0.0,0.0,0.0,0.0,0.0,0.0,0.0,0.0
#[d_gene,2],[d_5_del,15]
%0.000195768,0.000910882,0.00366664,0.013353,0.139732,0.195942,0.615631,0.0276283,0.00216881,0.000771844,0.0,0.0,0.0,0.0,0.0,0.0,0.0,0.0,0.0,0.0,0.0
#[d_gene,2],[d_5_del,16]
%0.00273008,0.0108441,0.0297791,0.0868984,0.387506,0.450994,0.0262122,0.00342927,0.00160685,0.0,0.0,0.0,0.0,0.0,0.0,0.0,0.0,0.0,0.0,0.0,0.0
#[d_gene,2],[d_5_del,17]
%0.0,0.0753445,0.162335,0.207703,0.439328,0.051612,0.0456677,0.0180093,0.0,0.0,0.0,0.0,0.0,0.0,0.0,0.0,0.0,0.0,0.0,0.0,0.0
#[d_gene,2],[d_5_del,18]
%0.0,0.0,0.0523842,0.0340053,0.0555786,0.270564,0.587468,0.0,0.0,0.0,0.0,0.0,0.0,0.0,0.0,0.0,0.0,0.0,0.0,0.0,0.0
#[d_gene,2],[d_5_del,19]
%0.0,0.0,0.0,0.0260085,0.0765277,0.897464,0.0,0.0,0.0,0.0,0.0,0.0,0.0,0.0,0.0,0.0,0.0,0.0,0.0,0.0,0.0
#[d_gene,2],[d_5_del,20]
%0.0,0.0,0.0,0.0,1.0,0.0,0.0,0.0,0.0,0.0,0.0,0.0,0.0,0.0,0.0,0.0,0.0,0.0,0.0,0.0,0.0
@vd_ins
$Dim[41]
#
%0.0272099,0.042464,0.0805887,0.108598,0.129984,0.110408,0.0879487,0.0801813,0.0723265,0.0591674,0.0475316,0.0393358,0.0297246,0.021745,0.0166259,0.011729,0.00889024,0.00651623,0.00455082,0.00351868,0.00255381,0.00208866,0.00156069,0.00109965,0.000841947,0.000690166,0.000504072,0.000378777,0.000262337,0.000244522,0.000158533,0.000160678,0.000108324,0.000107197,4.40278e-05,3.3009e-05,4.08772e-05,1.80027e-05,2.52962e-05,1.63164e-05,1.87395e-05
@vd_dinucl
$Dim[16]
#
%0.294149,0.223988,0.281603,0.200259,0.144153,0.434769,0.186869,0.234209,0.255309,0.168862,0.361741,0.214089,0.309544,0.233005,0.200822,0.256629
@dj_ins
$Dim[41]
#
%0.0471447,0.0494075,0.0771862,0.106478,0.123087,0.117874,0.0970081,0.0794522,0.0659406,0.0527882,0.043013,0.0354133,0.0269019,0.019591,0.0156683,0.0114855,0.00809542,0.00622677,0.00433634,0.00310177,0.00223093,0.00162633,0.00133757,0.00108739,0.000801688,0.000633328,0.000523269,0.000372028,0.000280104,0.000252058,0.000154792,0.000132055,0.000103983,6.60568e-05,4.68389e-05,3.90264e-05,2.81137e-05,3.7036e-05,2.39433e-05,9.19763e-06,1.42889e-05
@dj_dinucl
$Dim[16]
#
%0.283821,0.125985,0.320643,0.269551,0.232154,0.328644,0.212075,0.227128,0.273395,0.149428,0.400322,0.176855,0.229563,0.2299,0.26946,0.271077
